65 46 35 64 43 53 63 75 56 24 36 37 27 62 52 18 28 38 26 15 17 42 48 16 34 25 14 13 23 47 57 67 68 32 66 58 33 77 78 88 87 76 85 74 84 83 73 72 12 11 31 41 22 21 51 61 71 82 81 86 
65 66 56 64 75 57 47 35 53 62 36 37 67 84 85 68 58 86 74 73 76 77 78 46 38 48 27 88 87 34 43 33 52 17 26 24 18 28 16 51 25 63 14 15 23 22 32 31 21 11 12 13 83 42 41 61 71 72 81 82 
65 64 53 66 74 62 43 32 63 73 52 34 33 23 56 67 75 83 76 86 84 85 57 61 51 42 71 47 58 48 38 46 35 36 68 72 25 27 37 26 24 31 41 81 82 16 77 78 15 28 17 18 22 14 13 12 21 11 88 87 
65 46 35 26 34 75 56 33 36 53 43 66 24 13 25 23 14 15 47 37 16 38 67 63 64 68 48 17 28 32 42 31 41 52 51 57 76 86 85 61 74 84 83 73 87 62 77 88 78 58 27 18 72 82 71 81 22 21 11 12 
65 66 56 46 35 26 34 74 36 23 47 37 57 38 25 16 48 58 67 76 75 63 53 33 64 84 24 14 15 43 83 73 85 86 87 77 88 78 68 28 27 52 61 18 62 17 13 22 12 82 11 42 81 21 31 51 32 72 71 41 
65 66 56 64 53 42 74 63 73 83 43 46 84 85 31 52 34 24 62 61 75 76 51 32 33 41 71 22 35 25 57 58 47 48 37 26 36 23 38 27 68 67 28 72 14 16 18 17 15 13 81 21 12 11 82 86 77 87 78 88 
65 66 56 64 75 36 35 84 67 68 74 73 76 85 86 87 63 62 34 46 57 24 58 48 47 37 83 82 38 28 53 43 52 41 25 26 15 16 17 42 51 61 33 13 23 32 31 21 77 88 72 78 27 22 18 71 14 12 11 81 
65 46 35 26 34 33 25 56 36 24 15 37 14 43 67 63 53 76 57 58 64 13 66 16 47 75 74 52 23 32 42 31 85 86 73 83 87 48 38 28 78 27 41 62 18 68 17 84 77 88 12 51 61 22 11 21 72 82 71 81 
43 53 64 33 34 75 52 35 56 63 74 67 46 61 42 36 62 65 66 57 58 84 85 32 76 86 73 68 47 83 51 41 31 21 25 27 37 38 48 15 24 13 14 26 16 17 71 81 77 87 88 78 82 72 22 23 28 18 11 12 
65 64 53 66 74 73 56 46 63 43 52 83 84 85 34 23 57 62 75 61 51 41 42 32 31 67 33 21 35 36 24 47 48 14 13 38 68 12 37 77 76 15 88 27 25 78 87 16 86 26 82 58 28 72 22 17 18 71 11 81 
43 35 46 57 56 66 67 68 36 26 47 63 65 42 34 23 58 48 25 16 33 32 37 38 24 15 13 75 64 73 74 76 41 52 53 83 51 22 14 62 84 71 17 85 86 77 31 11 21 12 61 18 81 72 82 87 28 27 88 78 
43 33 34 53 64 73 65 24 63 76 66 75 52 57 74 62 56 61 42 32 85 36 35 86 87 84 83 46 51 77 26 27 88 41 14 37 47 25 58 13 12 67 15 16 78 11 68 48 38 28 18 17 72 82 81 71 31 21 22 23 
65 46 35 26 34 33 25 16 24 43 15 75 56 14 36 64 53 62 42 32 23 41 52 13 21 31 51 47 37 61 63 11 12 22 48 73 57 38 28 27 66 68 58 77 76 87 86 85 84 83 88 67 78 74 72 82 71 17 18 81 
34 35 46 33 25 47 53 36 24 14 56 23 15 63 64 16 13 67 57 26 48 65 37 38 28 62 43 32 17 68 66 77 74 85 88 86 87 75 84 83 76 73 82 72 81 52 71 51 61 41 42 78 58 22 31 11 21 12 18 27 
65 46 35 24 25 66 56 26 34 64 53 47 43 32 63 73 57 58 48 38 75 37 67 68 36 84 74 83 76 86 85 33 23 14 15 16 12 22 31 42 41 52 51 62 61 72 82 81 71 11 13 21 27 28 18 17 78 77 88 87 
65 46 35 26 34 53 43 33 25 76 64 16 24 63 75 86 15 23 14 13 36 66 56 37 74 67 57 85 83 68 58 48 32 31 47 52 51 73 84 82 42 62 41 61 27 38 18 28 78 77 22 11 21 12 72 17 71 81 87 
65 66 56 64 75 57 63 34 46 62 74 84 85 86 73 76 67 68 58 83 35 36 53 42 78 43 25 16 15 24 52 61 47 38 37 14 33 32 41 31 51 48 28 27 18 17 26 13 23 12 22 11 21 72 82 81 71 87 77 88 
65 66 56 64 75 57 63 73 74 83 46 34 76 67 47 38 85 35 68 77 84 86 58 43 53 72 36 37 78 88 87 48 62 52 61 71 51 41 33 42 32 31 23 24 14 12 22 11 21 13 81 82 25 26 27 17 16 15 28 18 
34 33 43 53 64 25 52 61 42 74 65 62 63 66 51 41 32 31 35 46 15 36 56 16 24 14 23 13 47 57 37 38 48 58 68 78 26 27 73 82 75 84 
65 64 53 42 63 66 56 73 43 33 34 36 52 62 35 26 25 16 32 24 23 13 51 31 41 61 15 57 46 14 58 67 47 68 37 38 76 77 78 88 87 48 27 28 17 18 22 12 11 21 71 74 75 86 85 72 84 83 82 81 
65 66 56 46 35 26 34 75 36 23 33 63 64 25 47 43 24 58 67 76 57 48 68 37 38 27 53 77 18 28 17 73 16 42 74 83 84 13 14 85 86 88 78 87 12 15 32 11 62 61 72 21 31 22 52 41 51 82 81 71 
65 46 35 66 56 26 34 53 43 33 36 75 64 47 37 38 57 63 25 16 48 58 15 14 67 68 42 41 52 51 85 86 87 74 32 23 73 83 62 61 24 13 31 21 84 88 78 76 77 22 72 81 71 82 11 12 17 27 28 18 
34 35 46 37 65 33 25 16 47 75 56 67 57 68 36 38 48 58 66 43 15 26 17 14 13 64 23 24 53 42 32 31 41 63 52 76 21 61 62 22 11 71 86 12 51 18 81 84 72 74 73 85 83 82 87 88 77 78 28 27 
65 66 56 64 75 36 53 62 35 74 63 73 84 26 34 76 85 57 46 86 87 23 43 47 24 13 25 42 52 83 82 72 48 15 14 37 38 27 16 18 17 28 33 68 58 51 61 81 71 88 78 77 67 41 32 12 11 22 31 21 
65 46 35 66 56 64 53 33 34 36 74 57 25 83 47 73 75 84 85 76 63 86 24 26 58 43 67 16 15 68 78 14 37 38 23 13 32 31 42 52 62 71 22 72 81 61 82 51 41 77 88 21 87 48 11 12 28 27 17 18 
34 35 46 37 36 26 56 63 64 67 57 25 24 73 66 68 47 75 58 23 65 53 74 48 15 83 14 33 43 13 12 42 32 31 51 16 17 22 52 62 85 86 11 84 21 41 61 76 77 72 87 88 78 71 81 82 27 18 28 38 
34 33 43 53 64 73 65 76 63 62 74 36 46 84 75 86 85 24 83 82 52 61 35 37 56 42 47 38 66 67 57 48 68 58 28 27 51 25 18 26 17 16 15 22 23 12 71 41 31 32 14 13 11 21 78 81 77 87 88 72 
65 46 35 66 56 26 34 53 43 75 36 32 64 25 24 67 57 63 74 58 47 85 76 86 84 83 68 48 38 23 37 27 52 51 42 73 33 31 41 22 62 61 82 81 71 72 77 88 87 78 12 11 21 28 13 14 15 16 17 18 
34 35 46 33 25 26 24 15 36 37 14 13 56 64 23 66 38 48 58 32 47 43 28 27 42 53 18 41 65 67 57 75 76 86 85 77 84 68 74 73 83 82 63 52 51 62 61 17 16 71 78 12 22 21 11 31 81 72 87 88 
65 46 35 26 34 33 25 66 56 16 43 75 36 32 64 37 24 73 47 63 53 38 57 23 48 58 15 62 42 13 14 41 52 67 31 61 51 21 22 11 12 27 28 18 17 68 78 77 88 76 87 85 86 84 74 83 72 82 81 71 
65 64 53 62 63 66 74 35 56 46 34 75 57 33 76 68 58 86 84 83 73 48 47 67 52 38 61 85 36 51 41 37 43 32 42 31 21 72 25 15 24 23 14 13 26 16 82 81 71 11 22 12 28 18 17 27 77 88 78 87 
65 66 56 46 35 64 63 62 75 26 34 74 76 86 73 83 85 84 57 36 47 58 38 37 67 33 43 52 25 68 48 28 16 27 53 15 18 17 14 24 78 77 88 42 87 82 72 81 71 61 23 13 22 51 32 41 31 21 11 12 
34 33 43 35 56 42 24 67 52 66 23 62 46 15 13 53 63 36 65 32 25 73 31 16 26 37 47 22 12 48 64 75 85 57 83 51 61 84 86 76 41 74 58 68 21 11 14 38 27 28 18 17 78 77 88 71 87 82 81 72 
65 46 35 64 43 33 56 66 34 53 63 36 57 62 52 67 47 37 58 61 48 38 28 42 51 41 32 26 24 15 25 31 16 17 14 13 23 12 75 68 78 74 83 85 84 82 73 86 76 87 77 88 27 22 21 11 72 81 71 18 
65 66 56 64 75 36 53 85 46 62 35 26 86 63 74 76 84 83 82 57 48 77 47 58 68 88 78 87 67 81 37 38 52 73 34 23 25 24 61 72 27 71 43 18 17 16 15 14 33 42 13 12 22 32 51 41 31 21 11 28 
65 46 35 26 34 75 56 66 36 33 47 38 57 67 48 58 43 32 16 37 25 15 14 53 24 13 12 76 86 85 84 64 23 17 63 74 73 42 52 77 87 88 78 68 27 83 62 61 41 51 71 21 72 81 31 82 11 22 18 28 
34 53 64 33 43 73 65 35 63 56 23 13 24 25 14 15 46 36 52 66 26 16 47 37 57 61 51 38 48 68 58 41 42 62 74 75 76 86 84 32 27 18 28 67 31 21 17 22 83 85 87 72 77 88 78 82 71 81 12 11 
65 66 56 46 35 26 34 23 36 37 25 63 47 76 75 33 43 15 24 42 64 67 57 73 53 85 74 13 14 52 38 27 48 77 18 16 17 28 12 22 11 32 21 68 31 62 41 61 51 58 71 72 81 84 78 83 82 86 87 88 
65 46 35 26 34 33 25 66 56 16 43 52 24 23 36 76 14 47 57 48 68 67 58 38 28 15 17 37 78 64 75 86 84 74 85 83 13 77 53 22 73 88 87 18 27 72 32 12 11 21 31 41 51 42 63 62 81 82 71 61 
65 46 35 26 34 33 25 16 24 13 36 47 57 67 37 66 56 48 38 23 15 64 58 27 14 18 17 28 68 78 77 88 75 76 86 85 84 74 83 73 62 42 32 43 41 51 61 52 53 63 31 22 12 11 21 71 87 82 72 81 
65 66 56 46 35 24 34 64 47 48 
65 64 53 66 56 46 57 62 52 63 75 67 35 34 43 36 47 33 42 73 74 51 41 32 61 58 68 84 85 76 83 37 48 72 82 38 81 78 71 86 77 31 21 22 24 14 11 26 23 12 13 25 15 16 17 27 18 28 88 87 
65 64 53 66 56 47 75 62 57 58 46 86 85 35 36 84 76 67 68 37 48 34 74 73 83 82 63 52 78 38 28 27 51 43 42 41 33 25 15 61 18 31 24 23 32 22 72 77 87 88 71 81 13 14 21 12 11 26 16 17 
65 46 35 26 34 33 25 16 24 15 14 75 36 43 56 13 64 37 23 32 42 66 47 51 31 41 61 38 48 53 52 58 57 63 76 86 85 84 67 68 74 83 27 73 72 62 71 81 82 18 17 21 28 22 11 12 77 88 78 87 
34 53 64 75 52 51 63 74 65 56 84 83 82 23 66 85 86 73 76 33 43 72 46 67 57 32 35 47 24 13 81 77 61 62 42 71 41 31 21 22 87 58 48 88 68 11 12 78 38 37 14 15 16 25 26 36 27 28 18 17 
34 33 43 35 24 53 64 13 62 63 52 61 65 66 14 23 25 16 56 15 51 47 42 31 41 46 36 26 48 58 68 32 57 37 38 67 74 84 85 73 83 75 76 86 87 77 72 81 71 22 12 27 17 21 11 82 88 78 28 18 
34 33 43 53 42 35 25 24 46 37 23 13 14 51 36 16 15 26 47 48 58 68 56 67 28 38 78 57 66 76 65 77 64 63 88 27 86 75 85 74 62 73 52 61 18 17 83 87 71 81 31 41 32 21 22 84 72 82 12 11 
34 35 46 37 65 33 47 66 56 48 36 74 57 25 24 63 64 23 15 16 17 68 26 53 14 73 58 38 75 13 12 84 43 32 67 27 42 52 51 76 85 86 21 22 18 28 83 61 62 82 72 81 71 41 31 11 77 87 78 88 
65 64 53 62 43 33 63 66 52 36 56 47 75 61 35 84 42 26 34 23 46 32 85 86 74 83 76 67 57 68 24 15 25 16 37 48 58 38 13 14 17 27 51 41 31 21 18 28 12 22 73 82 72 81 77 71 11 87 78 88 
65 46 35 26 34 33 25 56 43 74 36 37 24 63 47 23 64 38 66 76 48 73 57 58 67 68 15 52 14 16 17 53 42 31 75 13 12 86 84 85 87 22 62 83 82 61 11 32 21 27 41 51 71 72 77 28 88 78 81 18 
34 33 43 35 24 42 52 23 25 13 14 15 46 37 36 26 47 48 56 66 65 64 57 67 68 61 28 38 58 78 77 41 53 51 62 88 31 76 63 74 73 32 83 84 21 82 85 75 81 71 86 11 87 22 72 12 16 27 17 18 
34 35 46 37 56 33 36 67 57 63 64 66 43 48 58 26 47 53 38 75 65 68 78 76 86 77 16 15 85 74 88 87 28 17 25 27 84 14 24 18 62 61 73 13 51 41 42 32 52 71 72 81 82 23 22 31 21 11 12 83 
34 35 46 33 25 16 43 37 65 24 23 53 36 13 47 26 14 15 42 66 56 51 52 58 38 48 68 64 57 62 28 32 31 22 41 21 11 67 61 27 63 12 17 18 78 77 88 75 76 74 85 84 83 73 82 72 81 71 86 87 
65 64 53 62 63 56 43 66 74 85 75 76 73 32 33 52 84 83 42 31 61 41 51 46 34 24 21 22 67 57 58 68 11 48 23 35 14 72 71 25 36 26 47 27 37 12 81 13 82 16 86 87 88 28 77 15 17 38 18 78 
65 66 56 46 35 26 34 43 36 23 53 37 25 63 47 76 64 38 57 58 48 15 24 75 14 33 16 27 42 52 18 22 28 17 68 41 67 77 74 83 78 73 88 87 86 85 84 13 12 11 32 82 72 31 51 71 21 62 61 81 
34 33 43 35 24 13 23 53 14 15 12 11 25 16 26 36 27 18 28 17 46 38 37 22 32 21 42 31 41 56 47 51 66 57 65 76 64 74 75 85 
34 33 43 35 24 42 52 23 46 15 25 57 36 62 14 26 13 63 56 22 53 66 16 64 41 51 65 74 12 32 11 31 17 27 18 47 37 28 38 48 58 21 68 67 61 75 84 76 86 85 78 88 72 73 71 81 83 82 77 87 
65 46 35 26 34 75 56 33 36 37 25 43 64 16 24 63 53 67 66 62 42 23 52 51 41 76 61 47 57 68 38 58 15 14 13 12 28 31 21 32 71 72 81 74 73 48 78 82 83 84 85 87 86 77 88 27 18 17 11 22 
65 46 35 26 34 33 25 36 43 63 64 23 24 53 52 15 14 61 42 13 32 31 51 73 56 66 74 83 85 84 82 41 62 72 75 86 87 57 67 47 68 58 48 37 38 16 17 22 71 76 81 78 88 27 77 28 12 21 11 18 
65 46 35 66 56 26 34 64 25 15 36 57 14 23 24 43 16 13 12 27 37 47 53 63 75 84 48 22 67 38 33 77 32 11 18 74 28 21 58 17 68 78 42 51 88 52 85 86 73 62 83 82 72 61 76 87 81 71 41 31 
65 46 35 66 56 24 34 53 43 64 63 62 75 85 74 67 36 37 57 68 47 48 58 52 84 83 73 76 87 82 42 41 61 51 31 72 32 22 81 86 25 71 33 88 78 77 12 11 13 14 23 21 15 16 26 27 18 38 28 17 
65 64 53 62 63 66 75 36 43 33 34 25 35 56 74 85 46 47 84 83 57 48 24 13 16 26 15 73 17 14 12 27 18 37 23 38 28 58 67 76 86 68 78 88 77 87 82 72 81 52 71 51 61 42 41 31 21 32 22 11 
65 46 35 26 34 33 24 13 36 37 25 64 43 15 56 52 47 63 16 27 53 76 75 58 87 85 32 74 73 83 14 31 18 86 28 66 42 41 51 62 21 23 48 57 17 88 12 38 68 67 78 77 84 71 61 11 22 72 82 81 
65 46 35 66 56 64 43 33 53 63 75 76 74 86 85 84 83 36 73 62 87 34 67 57 48 68 42 77 58 41 88 78 82 52 61 72 51 47 81 71 31 32 21 22 11 24 23 13 14 15 25 16 26 17 37 28 38 12 18 27 
65 46 35 66 56 24 34 75 26 67 36 16 13 63 47 58 48 38 37 33 25 23 15 57 43 22 85 64 53 32 42 73 11 12 21 86 87 62 74 52 31 83 41 72 68 78 76 84 77 88 71 61 51 82 17 14 27 18 28 81 
65 66 56 64 75 46 63 84 43 62 76 86 85 32 53 74 73 83 35 26 37 48 47 38 57 36 67 58 52 68 61 51 41 42 31 77 25 14 34 33 24 22 16 15 13 11 23 12 87 21 72 17 27 71 82 28 18 78 88 81 
65 66 56 64 75 86 63 62 76 46 85 84 74 53 52 73 83 41 87 77 43 72 34 42 35 25 47 48 36 37 57 67 58 68 88 78 38 82 81 71 61 51 31 32 21 22 33 24 11 26 23 28 18 13 12 14 15 16 27 17 
65 66 56 64 75 86 76 46 85 84 67 68 
65 46 35 26 34 64 56 75 66 67 36 23 57 63 24 33 53 62 43 13 14 15 25 32 42 58 74 73 86 76 85 52 47 16 48 37 68 84 83 78 88 87 77 82 72 38 51 41 81 61 71 31 28 18 21 11 27 17 22 12 
65 46 35 26 34 53 43 33 25 16 24 23 14 76 15 13 36 56 47 57 64 58 37 38 48 63 66 68 67 77 86 85 84 75 74 73 83 42 62 52 51 41 61 32 22 31 21 82 72 27 17 28 18 87 78 71 81 12 11 88 
65 64 53 42 63 73 52 36 43 62 31 32 41 76 34 25 35 46 74 83 84 85 75 61 15 16 17 66 56 67 24 14 13 23 87 26 68 58 48 57 21 33 47 38 28 37 77 51 71 22 11 12 27 18 86 78 88 72 82 
65 66 56 46 35 24 34 64 67 78 
65 66 56 64 75 36 53 62 35 57 46 47 43 73 34 74 76 86 63 52 42 24 25 16 84 32 38 37 68 26 67 58 48 85 87 77 83 72 33 22 82 27 15 23 14 17 13 12 11 31 18 28 21 78 88 41 61 51 71 81 
65 66 56 64 75 84 53 42 74 57 85 83 46 86 58 37 76 67 47 36 35 26 25 38 16 15 14 68 48 27 43 34 24 13 12 33 23 22 41 31 21 32 11 51 52 61 62 71 72 63 73 17 18 28 77 87 78 82 81 88 
65 64 53 62 63 66 56 46 57 58 
65 66 56 46 35 26 57 64 36 47 37 38 24 34 53 48 25 16 15 67 68 62 17 43 33 23 52 14 13 61 63 74 75 84 86 76 85 87 58 78 27 22 42 41 73 32 51 31 21 28 77 88 71 12 11 72 82 18 83 81 
65 66 56 64 75 36 35 57 63 62 53 26 46 74 43 37 47 85 84 32 86 38 76 83 82 67 73 34 68 77 33 42 58 24 61 48 28 87 88 78 41 18 31 72 81 22 23 52 51 14 13 11 12 15 25 21 16 17 27 71 
65 64 53 66 74 73 56 46 63 52 34 83 85 62 51 23 75 84 82 41 31 42 86 43 61 72 35 36 32 22 81 33 67 68 76 71 57 47 58 48 37 38 13 78 77 11 21 88 87 28 27 18 26 15 17 16 24 14 25 12 
65 66 56 64 75 86 85 57 63 62 74 36 46 84 73 83 58 37 35 25 76 67 53 43 34 23 33 32 24 48 38 13 16 26 47 28 18 27 17 15 14 12 22 11 42 68 21 31 41 51 52 61 72 71 77 81 82 87 78 88 
65 46 35 26 34 33 25 16 24 15 14 13 36 64 23 32 56 66 63 62 43 52 42 51 61 41 31 53 37 38 47 58 48 57 75 76 68 85 74 84 73 83 28 67 78 77 88 27 18 21 11 17 12 22 87 71 81 86 82 72 
65 64 53 66 56 42 74 84 63 73 43 36 46 47 52 51 31 32 33 24 41 21 34 23 14 75 62 61 76 86 85 35 25 13 12 26 15 16 17 27 18 37 28 48 38 67 58 78 68 57 88 87 77 22 11 71 72 83 81 82 
65 46 35 26 34 33 24 15 36 37 25 63 14 76 56 23 13 53 43 32 64 67 66 12 47 75 68 38 48 58 28 57 42 31 41 51 52 61 74 84 85 77 16 17 72 62 73 81 71 82 21 11 22 27 86 88 78 87 83 18 
65 64 53 62 63 66 74 73 43 36 46 83 84 33 56 85 34 25 76 67 75 86 35 26 57 47 58 48 38 37 28 27 18 17 16 15 14 24 13 23 12 22 11 32 21 52 42 41 31 51 61 71 72 81 82 68 77 87 78 88 
65 64 53 66 74 62 56 46 35 83 75 26 43 76 84 32 63 34 86 33 52 85 82 61 51 41 24 13 42 23 21 73 14 15 25 16 47 36 27 18 37 17 28 38 48 58 57 68 67 77 78 88 87 22 12 11 31 81 72 71 
65 66 56 46 57 63 35 47 36 58 64 24 25 34 53 43 33 14 16 42 23 32 38 13 37 67 52 76 62 51 61 73 41 27 31 22 75 86 11 74 21 15 12 26 17 18 28 71 72 81 48 68 77 78 83 84 85 82 87 88 
65 46 35 66 56 26 34 33 43 75 36 47 64 52 25 16 57 63 24 67 15 14 53 37 68 42 48 58 76 86 85 38 28 84 74 83 62 72 32 23 73 41 81 61 71 82 51 87 31 22 21 77 13 11 12 88 78 17 18 27 
65 46 35 66 56 64 53 33 43 42 34 25 74 75 52 83 84 61 57 68 58 76 67 48 85 63 47 86 24 23 15 37 14 73 41 26 32 31 21 13 12 22 36 16 11 27 17 51 71 62 72 38 18 28 81 82 87 77 88 78 
65 66 56 64 75 76 74 36 63 67 57 62 53 84 73 47 85 86 43 42 52 83 58 51 35 26 37 48 38 46 34 33 68 24 16 27 18 25 28 17 15 14 13 23 41 31 32 21 78 22 12 77 61 71 88 72 87 11 81 82 
65 64 53 66 74 62 52 83 56 42 75 47 84 86 76 85 63 73 43 67 57 36 46 33 61 51 68 77 34 24 41 31 21 32 35 22 71 72 88 26 87 37 78 25 82 81 58 48 38 28 27 18 17 16 15 14 23 13 12 11 
65 64 53 66 74 73 56 62 63 84 43 35 34 47 75 86 52 23 85 33 42 83 76 61 51 31 32 77 46 41 38 48 58 57 67 68 25 28 88 87 78 24 18 36 37 15 26 16 14 13 72 27 22 81 82 12 17 21 11 71 
65 46 35 26 34 33 25 43 53 16 24 76 56 15 64 73 66 67 36 37 47 57 48 62 58 38 75 68 86 84 63 85 83 72 14 74 81 82 71 61 51 13 52 32 42 23 27 31 41 18 28 87 17 88 21 22 12 11 78 77 
65 64 53 62 43 66 63 32 33 34 35 73 52 41 42 31 51 61 74 36 46 37 56 85 83 84 75 57 67 68 47 82 76 38 58 48 25 86 26 16 24 14 15 78 23 22 12 13 27 11 21 18 17 28 88 77 87 81 72 71 
65 64 53 66 56 46 36 62 43 33 75 76 63 73 74 86 85 83 84 26 34 25 24 23 35 13 15 17 37 47 38 48 58 57 67 61 72 52 42 51 71 81 82 41 32 14 12 68 78 31 77 27 22 21 11 87 28 16 88 18 
65 46 35 26 34 33 25 16 24 66 43 53 64 73 56 23 36 47 57 48 58 76 37 38 75 85 63 67 15 62 68 78 17 14 13 27 18 28 88 77 87 86 12 22 74 84 83 42 11 82 81 21 31 51 32 52 41 61 71 72 
65 46 35 26 34 64 56 33 25 24 36 66 57 48 58 63 38 47 37 68 78 28 18 27 17 16 15 14 67 13 23 12 43 32 42 53 31 41 62 52 51 75 61 22 73 74 85 76 86 77 21 11 71 72 81 82 83 84 87 88 
65 64 53 66 74 63 56 36 35 42 43 84 76 47 46 26 34 86 75 85 57 33 38 48 58 67 24 25 52 61 31 62 51 15 16 41 14 13 12 21 37 23 32 27 17 22 18 28 68 78 88 77 87 83 73 82 72 11 71 81 
65 66 56 64 75 46 35 26 57 58 36 84 67 76 85 86 68 77 48 34 47 37 38 53 52 43 33 42 51 88 63 87 78 83 74 73 72 82 32 21 31 81 62 61 11 41 71 22 12 27 18 17 28 25 16 24 23 15 14 13 
65 46 35 66 56 64 63 26 75 86 34 33 76 77 67 68 74 84 53 47 88 42 87 73 85 36 57 58 83 78 48 38 37 43 32 28 72 82 52 81 62 71 61 51 27 18 25 17 24 41 15 16 14 13 23 31 21 11 22 12 
65 46 35 26 34 33 23 13 36 43 53 37 25 62 24 14 15 63 56 16 64 76 66 67 47 38 57 68 58 48 86 77 75 85 84 74 73 83 52 51 61 72 87 71 32 42 31 41 82 21 81 11 22 88 27 17 28 18 12 78 
65 64 53 66 74 84 56 42 75 57 63 52 46 34 43 33 62 73 67 68 76 51 41 36 35 86 85 24 61 31 32 71 48 83 47 38 37 58 77 26 25 88 87 78 72 15 14 81 82 13 23 16 27 12 22 17 18 21 28 11 
65 64 53 62 63 66 75 36 43 86 74 84 85 32 52 61 73 83 42 31 51 46 76 77 56 67 57 41 35 33 34 47 58 25 37 38 48 78 88 87 68 28 27 18 17 16 26 15 24 14 23 13 12 11 22 21 71 72 81 82 
65 64 53 66 74 73 43 32 63 83 56 47 75 34 35 52 42 84 33 31 61 23 41 76 86 36 46 77 67 57 58 51 88 87 62 71 68 72 48 78 25 27 37 85 18 15 24 17 16 26 14 13 12 22 11 21 81 82 38 28 
65 66 56 46 35 64 63 62 57 26 34 33 43 36 47 37 25 67 48 27 23 42 53 13 75 74 18 86 17 76 52 51 41 24 32 31 28 68 73 38 84 14 15 77 58 82 85 83 71 61 21 22 72 16 12 11 78 88 87 81 
65 64 53 66 74 84 63 52 75 76 85 36 83 86 87 46 56 57 67 68 58 48 47 73 35 37 26 38 43 15 16 42 14 77 34 24 25 72 88 27 82 78 28 51 61 81 41 33 13 18 62 32 71 31 23 22 11 21 17 12 
